證券代號
證券名稱
買進股數
賣出股數
買賣超股數
 
2481  
強茂            
5,974,000
0
5,974,000
 
2377  
微星            
2,311,000
44,278
2,266,722
 
2337  
旺宏            
1,993,000
945
1,992,055
 
5305  
敦南            
1,475,000
0
1,475,000
 
2492  
華新科          
695,253
28,000
667,253
 
8046  
南電            
515,987
0
515,987
 
3026  
禾伸堂          
350,000
20,000
330,000
 
2454  
聯發科          
339,104
23,000
316,104
 
2367  
燿華            
300,000
0
300,000
 
6153  
嘉聯益          
261,000
0
261,000
 
3413  
京鼎            
257,000
0
257,000
 
3533  
嘉澤            
226,875
0
226,875
 
4943  
康控-KY         
198,104
0
198,104
 
1760  
寶齡富錦        
193,000
0
193,000
 
2106  
建大            
150,255
0
150,255
 
2408  
南亞科          
300,468
155,000
145,468
 
4560  
強信-KY         
135,000
0
135,000
 
3376  
新日興          
113,000
0
113,000
 
3443  
創意            
112,000
83
111,917
 
1476  
儒鴻            
116,056
10,000
106,056
 
2030  
彰源            
100,000
0
100,000
 
3231  
緯創            
100,000
220
99,780
 
6271  
同欣電          
78,000
73
77,927
 
00649 
FH香港          
68,000
0
68,000
 
2379  
瑞昱            
80,000
26,162
53,838
 
2311  
日月光          
41,056
0
41,056
 
4119  
旭富            
40,000
0
40,000
 
4551  
智伸科          
39,000
0
39,000
 
5434  
崇越            
74,000
35,000
39,000
 
6141  
柏承            
28,000
0
28,000
 
3708  
上緯投控        
27,000
0
27,000
 
4148  
全宇生技-KY     
51,000
30,000
21,000
 
1536  
和大            
20,044
0
20,044
 
4739  
康普            
20,000
0
20,000
 
3023  
信邦            
50,000
33,000
17,000
 
2474  
可成            
12,022
0
12,022
 
1707  
葡萄王          
12,000
86
11,914
 
5269  
祥碩            
10,000
116
9,884
 
2915  
潤泰全          
9,000
660
8,340
 
2362  
藍天            
6,329
0
6,329
 
2897  
王道銀行        
3,449
0
3,449
 
6116  
彩晶            
3,093
0
3,093
 
1590  
亞德客-KY       
3,042
0
3,042
 
8454  
富邦媒          
3,000
128
2,872
 
9907  
統一實          
2,841
0
2,841
 
2548  
華固            
2,570
0
2,570
 
2838  
聯邦銀          
2,307
0
2,307
 
2634  
漢翔            
1,961
0
1,961
 
1504  
東元            
1,918
0
1,918
 
6541  
泰福-KY         
1,900
0
1,900
 
2615  
萬海            
1,746
0
1,746
 
2855  
統一證          
1,673
0
1,673
 
2889  
國票金          
1,657
0
1,657
 
2313  
華通            
1,606
0
1,606
 
3682  
亞太電          
1,599
0
1,599
 
1722  
台肥            
1,391
0
1,391
 
2027  
大成鋼          
1,317
0
1,317
 
2849  
安泰銀          
1,120
0
1,120
 
2892  
第一金          
1,094
0
1,094
 
2867  
三商壽          
1,074
0
1,074
 
9933  
中鼎            
973
0
973
 
1802  
台玻            
944
0
944
 
2103  
台橡            
908
0
908
 
2887  
台新金          
773
0
773
 
2355  
敬鵬            
724
0
724
 
2324  
仁寶            
718
0
718
 
4915  
致伸            
718
0
718
 
2903  
遠百            
706
0
706
 
1227  
佳格            
636
0
636
 
2449  
京元電子        
622
0
622
 
1907  
永豐餘          
539
0
539
 
2392  
正崴            
527
0
527
 
1434  
福懋            
525
0
525
 
2382  
廣達            
510
0
510
 
3673  
TPK-KY          
492
0
492
 
2542  
興富發          
477
0
477
 
2325  
矽品            
476
0
476
 
5264  
鎧勝-KY         
445
0
445
 
2002  
中鋼            
399
0
399
 
2006  
東和鋼鐵        
389
0
389
 
2393  
億光            
378
0
378
 
1503  
士電            
351
0
351
 
2610  
華航            
278
0
278
 
2301  
光寶科          
241
0
241
 
8464  
億豐            
196
0
196
 
3189  
景碩            
189
0
189
 
2207  
和泰車          
178
0
178
 
6456  
GIS-KY          
160
0
160
 
2227  
裕日車          
144
0
144
 
2451  
創見            
114
0
114
 
2317  
鴻海            
103
0
103
 
2723  
美食-KY         
100
0
100
 
6452  
康友-KY         
97
0
97
 
3406  
玉晶光          
96
0
96
 
4958  
臻鼎-KY         
91
0
91
 
2101  
南港            
39
0
39
 
2104  
中橡            
7
0
7
 
2455  
全新            
28,587
2,980,000
-2,951,413
 
3037  
欣興            
0
2,537,709
-2,537,709
 
2883  
開發金          
1,257
1,637,000
-1,635,743
 
2014  
中鴻            
0
1,438,000
-1,438,000
 
2345  
智邦            
76,208
1,290,000
-1,213,792
 
4938  
和碩            
519
1,044,000
-1,043,481
 
6449  
鈺邦            
0
865,000
-865,000
 
2891  
中信金          
0
831,693
-831,693
 
2812  
台中銀          
1,786
573,000
-571,214
 
00632R
元大台灣50反1   
0
550,000
-550,000
 
6005  
群益證          
1,162
487,000
-485,838
 
6024  
群益期          
0
295,000
-295,000
 
1326  
台化            
0
294,262
-294,262
 
6285  
啟碁            
0
289,826
-289,826
 
1303  
南亞            
195
290,000
-289,805
 
2603  
長榮            
2,537
278,000
-275,463
 
2881  
富邦金          
56
268,000
-267,944
 
3045  
台灣大          
544
263,000
-262,456
 
5388  
中磊            
0
259,403
-259,403
 
2360  
致茂            
20,000
275,410
-255,410
 
2351  
順德            
0
253,000
-253,000
 
1229  
聯華            
367
239,000
-238,633
 
3706  
神達            
879
234,000
-233,121
 
8926  
台汽電          
0
224,000
-224,000
 
6531  
愛普            
284,000
500,000
-216,000
 
1402  
遠東新          
468
210,000
-209,532
 
2885  
元大金          
0
202,676
-202,676
 
2376  
技嘉            
0
188,553
-188,553
 
1702  
南僑            
0
181,000
-181,000
 
3036  
文曄            
34,000
209,049
-175,049
 
3003  
健和興          
0
173,000
-173,000
 
1605  
華新            
0
171,523
-171,523
 
1305  
華夏            
0
165,000
-165,000
 
6269  
台郡            
234
144,139
-143,905
 
2352  
佳世達          
497
143,000
-142,503
 
5469  
瀚宇博          
0
140,000
-140,000
 
1560  
中砂            
0
136,000
-136,000
 
2606  
裕民            
368
136,000
-135,632
 
2356  
英業達          
2,029
125,000
-122,971
 
2731  
雄獅            
0
122,000
-122,000
 
5871  
中租-KY         
45,000
163,581
-118,581
 
6525  
捷敏-KY         
0
118,000
-118,000
 
2882  
國泰金          
0
111,257
-111,257
 
2383  
台光電          
10,000
120,255
-110,255
 
6213  
聯茂            
2,716
111,000
-108,284
 
2441  
超豐            
302
107,000
-106,698
 
9941  
裕融            
0
105,238
-105,238
 
1312  
國喬            
0
103,132
-103,132
 
9939  
宏全            
0
102,000
-102,000
 
3035  
智原            
0
100,000
-100,000
 
3532  
台勝科          
8,000
106,367
-98,367
 
2357  
華碩            
0
94,047
-94,047
 
9904  
寶成            
388
89,000
-88,612
 
1210  
大成            
898
84,000
-83,102
 
2809  
京城銀          
102
79,000
-78,898
 
2385  
群光            
213
78,000
-77,787
 
1314  
中石化          
0
77,519
-77,519
 
2308  
台達電          
0
72,206
-72,206
 
6415  
矽力-KY         
0
71,015
-71,015
 
3034  
聯詠            
0
70,083
-70,083
 
5234  
達興材料        
0
70,000
-70,000
 
3702  
大聯大          
0
69,846
-69,846
 
2231  
為升            
2,000
70,143
-68,143
 
3005  
神基            
209
68,000
-67,791
 
1704  
榮化            
0
67,276
-67,276
 
2327  
國巨            
0
67,083
-67,083
 
3583  
辛耘            
20,000
84,000
-64,000
 
2373  
震旦行          
0
63,050
-63,050
 
8039  
台虹            
0
58,000
-58,000
 
2330  
台積電          
25,000
77,415
-52,415
 
1301  
台塑            
0
50,417
-50,417
 
1215  
卜蜂            
0
47,000
-47,000
 
6176  
瑞儀            
315
43,000
-42,685
 
6505  
台塑化          
0
42,087
-42,087
 
4919  
新唐            
0
40,000
-40,000
 
2354  
鴻準            
170
40,000
-39,830
 
8466  
美吉吉-KY       
0
38,000
-38,000
 
9802  
鈺齊-KY         
0
35,024
-35,024
 
2439  
美律            
65,041
100,000
-34,959
 
3008  
大立光          
3
33,000
-32,997
 
8422  
可寧衛          
0
32,000
-32,000
 
6239  
力成            
302
31,000
-30,698
 
3044  
健鼎            
207
29,000
-28,793
 
3665  
貿聯-KY         
7
27,000
-26,993
 
5534  
長虹            
0
26,422
-26,422
 
1101  
台泥            
98
25,000
-24,902
 
1319  
東陽            
330
25,000
-24,670
 
1477  
聚陽            
0
24,177
-24,177
 
9910  
豐泰            
119
22,000
-21,881
 
2023  
燁輝            
0
18,609
-18,609
 
2511  
太子            
0
17,014
-17,014
 
2421  
建準            
0
10,000
-10,000
 
8341  
日友            
0
9,024
-9,024
 
2049  
上銀            
10,000
18,141
-8,141
 
2905  
三商            
0
7,907
-7,907
 
6120  
達運            
0
6,387
-6,387
 
1525  
江申            
0
6,000
-6,000
 
1598  
岱宇            
0
5,000
-5,000
 
9942  
茂順            
0
5,000
-5,000
 
2458  
義隆            
0
4,257
-4,257
 
9938  
百和            
163
4,000
-3,837
 
2845  
遠東銀          
0
3,683
-3,683
 
1440  
南紡            
0
3,305
-3,305
 
5538  
東明-KY         
0
3,000
-3,000
 
2303  
聯電            
0
2,982
-2,982
 
2409  
友達            
0
2,868
-2,868
 
2801  
彰銀            
0
2,256
-2,256
 
2371  
大同            
0
1,921
-1,921
 
2888  
新光金          
0
1,896
-1,896
 
2448  
晶電            
0
1,484
-1,484
 
2923  
鼎固-KY         
0
1,392
-1,392
 
2204  
中華            
0
1,300
-1,300
 
2707  
晶華            
0
1,298
-1,298
 
2834  
臺企銀          
0
1,268
-1,268
 
1507  
永大            
0
1,219
-1,219
 
3481  
群創            
0
1,162
-1,162
 
2823  
中壽            
0
1,036
-1,036
 
5880  
合庫金          
0
1,010
-1,010
 
3032  
偉訓            
0
1,000
-1,000
 
1789  
神隆            
0
931
-931
 
2353  
宏碁            
0
855
-855
 
2609  
陽明            
0
836
-836
 
2201  
裕隆            
0
823
-823
 
2890  
永豐金          
0
799
-799
 
9940  
信義            
0
788
-788
 
2015  
豐興            
0
648
-648
 
2886  
兆豐金          
0
642
-642
 
1216  
統一            
0
627
-627
 
2820  
華票            
0
603
-603
 
2347  
聯強            
0
519
-519
 
2344  
華邦電          
0
518
-518
 
2456  
奇力新          
0
509
-509
 
2884  
玉山金          
0
467
-467
 
1710  
東聯            
0
446
-446
 
2105  
正新            
0
433
-433
 
1717  
長興            
0
358
-358
 
6412  
群電            
0
327
-327
 
2633  
台灣高鐵        
0
290
-290
 
9914  
美利達          
0
287
-287
 
1723  
中碳            
0
285
-285
 
1909  
榮成            
0
284
-284
 
9945  
潤泰新          
0
281
-281
 
3019  
亞光            
0
278
-278
 
2412  
中華電          
0
277
-277
 
2618  
長榮航          
0
226
-226
 
1102  
亞泥            
0
217
-217
 
1313  
聯成            
0
170
-170
 
9921  
巨大            
0
148
-148
 
4904  
遠傳            
0
146
-146
 
2880  
華南金          
0
129
-129
 
2059  
川湖            
0
110
-110
 
2498  
宏達電          
0
96
-96
 
2912  
統一超          
0
78
-78
 
8150  
南茂            
0
77
-77
 
2395  
研華            
0
52
-52
 
6414  
樺漢            
0
48
-48
 
6409  
旭隼            
0
44
-44
 
9917  
中保            
0
40
-40
 
5522  
遠雄            
0
26
-26

